[1.jpg]
filters=finetune2=1,0.000000,0.000000,0.325614,00000000,0.052632;warm=1;warm=1;finetune2=1,0.000000,0.000000,0.210526,00000000,0.000000;
moddate=230b72793dd8d201
width=1538
height=715
textactive=0
[1.1.jpg]
filters=finetune2=1,0.000000,0.000000,0.165614,00000000,0.052632;
moddate=0a1614a23ed8d201
width=1538
height=715
textactive=0
[BRS.jpg]
filters=fill=1,0.037383;enhance=1;autolight=1;fill=1,0.616822;
moddate=7a3e5a0718d9d201
width=1600
height=650
textactive=0
[er.jpg]
filters=finetune2=1,0.000000,0.000000,0.095439,00000000,0.000000;bw=1;warm=1;
moddate=544e9bb8b3dad201
width=1408
height=650
textactive=0
